2.24
2.41
3.3
3.77
3.23
4.22
5.72
4.02
6.32
-4.02
6.82
3.02
3.62
2.7
3.22
8.66
6.48
6.54
2.16
3.12
3.1
2.94
5.2
5.45
6.58
4.13
4
4.28
3.82
3.26
3.19
3.3
8.65
2
2.44
2.38
5.99
2.02
2.59
3.61
2.99
5.33
5.53
4.3
6.53
3.56
3.82
4.63
5.68
2.61
3.92
2.05
3.79
3.5
2.89
4.76
3.83
6.65
7.78
6.2
6.65
4.11
1.45
1.13
2.07
1.94
3.57
4.27
4.6
4.85
7.19
3.94
3.62
2.44
2.2
1.86
1.85
1.57
3.24
4.87
2.89
1.17
2.4
2.82
2.58
2.49
2.7
2.35
1.43
5.17
3.15
12.92
8.52
-10.87
7.14
3.64
3.31
4.99
8.53
4.63
6.85
5.8
6.42
4.17
8.06
7.46
8.02
6.43
5.54
6.69
6.02
5.64
8.78
-32.43
8.71
7.77
7.42
8.4
7.62
7.42
22.28
32.53
24.53
31.61
16.93
30.85
12.26
8.71
13.35
32.76
21.42
10.68
5.09
3.43
2.4
0.51
0.54
0.42
1.88
0.54
0.73
0.59
0.14
1.11
0.99
1.18
5.38
4.37
4.49
0.98
0.61
0.61
0.66
0.61
0.68
0.64
1.18
1.32
8.42
15.31
14.82
11.09
9.14
5.88
12.14
5.66
4.74
9.07
7.9
9.84
4.54
8.64
1.58
1.71
5.22
2.65
3.34
1.91
2.4
12.29
6.23
3.19
5.31
4.13
3.38
4.95
4.18
4.88
4.88
1.99
1.23
1.88
1.58
0.91
0.6
0.56
2.98
8.5
6.95
6.93
5.9
4.79
4.16
2.14
1.46
1.66
3.09
3.18
3.21
3.29
7.29
6.29
7.29
7.29
7.59
7.51
7.95
9.17
9.16
8.63
1.24
1.24
1.32
4.37
1.51
1.98
10.55
3.52
3.46
2.58
11.09
4.65
5.01
5.22
5.76
6.38
8.34
6.58
5.42
5.24
5.35
2.77
3.78
2.64
4.29
3.58
5.15
10.36
8.69
7.53
6.87
7.07
6.65
10.33
6.6
6.72
6.86
5.58
6.14
5.86
6.53
5.06
1.95
2.73
2.09
1.05
3.97
10.68
7.8
1.88
1.97
1.5
1.53
1.15
0.95
3.24
4.41
2.31
4.08
7.85
1.61
1.64
14.59
8.95
1.45
0.92
0.77
0.82
1.03
3.18
4.63
6.25
14.32
7.65
6.9
6.51
5.83
6.39
6.09
6.67
8.01
6.67
13.25
13.45
18.48
6.35
5.94
4.58
6.36
3.13
3.83
2.26
1.18
1.12
0.94
1.52
0.87
0.66
0.71
1.34
0.94
5.24
9.3
9.8
9.93
18.97
8.65
3.2
3.48
2.37
5.43
5.1
4.95
5.03
4.72
4.91
4.01
3.06
4.5
4.35
3.59
5.78
5.03
4.08
3.62
3.36
4.04
3.64
4.51
4.11
12.95
5.4
12.85
0.23
0.19
0.14
0.12
0.1
0.09
0.52
1.5
1.43
1.1
0.84
0.87
0.99
1.1
1.24
0.82
0.21
1.22
1.06
1.38
6.31
2.97
1.97
0.89
1.76
2.06
1.5
1.22
7.98
1.22
1.3
7.57
6.37
4.17
0.87
0.78
1.1
8.81
5.64
10.63
3.95
0.61
0.59
0.49
0.42
0.38
0.78
0.42
0.42
0.4
0.47
0.44
0.66
0.69
0.45
0.5
0.7
0.79
1.05
1.31
0.8
0.68
1.01
1.2
1.36
0.84
1.1
3.43
0.7
1.04
0.89
0.59
0.44
0.51
0.56
0.95
1.5
0.78
1.11
3.05
0.96
0.75
1.03
0.49
0.84
0.66
0.56
0.42
0.4
0.42
0.47
0.47
0.57
7.38
13.51
14.11
12.05
5.44
4.63
2.91
0.96
1.06
1.84
6.1
11.3
9.3
11.36
7.14
0.54
0.54
0.51
0.84
1.69
4.18
1.17
0.59
0.52
0.96
0.66
6.33
23.32
22.43
9.64
10.55
10.33
0
0
0
0
0
0
0
0
0
0
0
0
0
0
0
0
0
0
0
0
0
0
0
0
0
0
0
0
0
0
0
0
0
0
