0
0
0
0
0
0
0
0
0
0
0
0
0
0
0
0
0
0
0
0
0
0
0
0
0
0
0
0
0
0
0
0
0
0
0
0
0
0
0
0
0
0
0
0
0
0
0
0
0
0
0
0
0
0
0
0
0
0
0
0
0
0
0
0
0
0
0
0
0
0
0
0
0
0
0
0
0
0
0
0
0
0
0
0
0
0
0
0
0
0
0
0
0
0
0
0
0
0
0
0
0
0
0
0
0
0
0
0
0
0
0
0
0
0
0
0
0
0
0
0
0
0
0
0
0
0
0
0
1.65458e-012
0.19509
0.382683
0.55557
0.707107
0.83147
0.92388
0.980785
1
0.980785
0.92388
0.83147
0.707107
0.55557
0.382683
0.19509
-1.85697e-012
-0.19509
-0.382683
-0.55557
-0.707107
-0.83147
-0.92388
-0.980785
-1
-0.980785
-0.92388
-0.83147
-0.707107
-0.55557
-0.382683
-0.19509
2.0629e-012
0.19509
0.382683
0.55557
0.707107
0.83147
0.92388
0.980785
1
0.980785
0.92388
0.83147
0.707107
0.55557
0.382683
0.19509
-2.27594e-012
-0.19509
-0.382683
-0.55557
-0.707107
-0.83147
-0.92388
-0.980785
-1
-0.980785
-0.92388
-0.83147
-0.707107
-0.55557
-0.382683
-0.19509
2.48543e-012
0.19509
0.382683
0.55557
0.707107
0.83147
0.92388
0.980785
1
0.980785
0.92388
0.83147
0.707107
0.55557
0.382683
0.19509
-2.68781e-012
-0.19509
-0.382683
-0.55557
-0.707107
-0.83147
-0.92388
-0.980785
-1
-0.980785
-0.92388
-0.83147
-0.707107
-0.55557
-0.382683
-0.19509
2.8973e-012
0.19509
0.382683
0.55557
0.707107
0.83147
0.92388
0.980785
1
0.980785
0.92388
0.83147
0.707107
0.55557
0.382683
0.19509
-3.09968e-012
-0.19509
-0.382683
-0.55557
-0.707107
-0.83147
-0.92388
-0.980785
-1
-0.980785
-0.92388
-0.83147
-0.707107
-0.55557
-0.382683
-0.19509
0
0
0
0
0
0
0
0
0
0
0
0
0
0
0
0
0
0
0
0
0
0
0
0
0
0
0
0
0
0
0
0
0
0
0
0
0
0
0
0
0
0
0
0
0
0
0
0
0
0
0
0
0
0
0
0
0
0
0
0
0
0
0
0
0
0
0
0
0
0
0
0
0
0
0
0
0
0
0
0
0
0
0
0
0
0
0
0
0
0
0
0
0
0
0
0
0
0
0
0
0
0
0
0
0
0
0
0
0
0
0
0
0
0
0
0
0
0
0
0
0
0
0
0
0
0
0
0
0
0
0
0
0
0
0
0
0
0
0
0
0
0
0
0
0
0
0
0
0
0
0
0
0
0
0
0
0
0
0
0
0
0
0
0
0
0
0
0
0
0
0
0
0
0
0
0
0
0
0
0
0
0
0
0
0
0
0
0
0
0
0
0
0
0
0
0
0
0
0
0
0
0
0
0
0
0
0
0
0
0
0
0
0
0
0
0
0
0
0
0
0
0
0
0
0
0
0
0
0
0
0
0
0
0
0
0
0
0
0
0
0
0
0
0
0
0
0
0
0
0
0
0
0
0
0
0
