0
0.0980171
0.19509
0.290285
0.382683
0.471397
0.55557
0.634393
0.707107
0.77301
0.83147
0.881921
0.92388
0.95694
0.980785
0.995185
1
0.995185
0.980785
0.95694
0.92388
0.881921
0.83147
0.77301
0.707107
0.634393
0.55557
0.471397
0.382683
0.290285
0.19509
0.0980171
-2.06823e-013
-0.0980171
-0.19509
-0.290285
-0.382683
-0.471397
-0.55557
-0.634393
-0.707107
-0.77301
-0.83147
-0.881921
-0.92388
-0.95694
-0.980785
-0.995185
-1
-0.995185
-0.980785
-0.95694
-0.92388
-0.881921
-0.83147
-0.77301
-0.707107
-0.634393
-0.55557
-0.471397
-0.382683
-0.290285
-0.19509
-0.0980171
4.13646e-013
0.0980171
0.19509
0.290285
0.382683
0.471397
0.55557
0.634393
0.707107
0.77301
0.83147
0.881921
0.92388
0.95694
0.980785
0.995185
1
0.995185
0.980785
0.95694
0.92388
0.881921
0.83147
0.77301
0.707107
0.634393
0.55557
0.471397
0.382683
0.290285
0.19509
0.0980171
-6.21358e-013
-0.0980171
-0.19509
-0.290285
-0.382683
-0.471397
-0.55557
-0.634393
-0.707107
-0.77301
-0.83147
-0.881921
-0.92388
-0.95694
-0.980785
-0.995185
-1
-0.995185
-0.980785
-0.95694
-0.92388
-0.881921
-0.83147
-0.77301
-0.707107
-0.634393
-0.55557
-0.471397
-0.382683
-0.290285
-0.19509
-0.0980171
8.27292e-013
0.0980171
0.19509
0.290285
0.382683
0.471397
0.55557
0.634393
0.707107
0.77301
0.83147
0.881921
0.92388
0.95694
0.980785
0.995185
1
0.995185
0.980785
0.95694
0.92388
0.881921
0.83147
0.77301
0.707107
0.634393
0.55557
0.471397
0.382683
0.290285
0.19509
0.0980171
-1.03145e-012
-0.0980171
-0.19509
-0.290285
-0.382683
-0.471397
-0.55557
-0.634393
-0.707107
-0.77301
-0.83147
-0.881921
-0.92388
-0.95694
-0.980785
-0.995185
-1
-0.995185
-0.980785
-0.95694
-0.92388
-0.881921
-0.83147
-0.77301
-0.707107
-0.634393
-0.55557
-0.471397
-0.382683
-0.290285
-0.19509
-0.0980171
1.24272e-012
0.0980171
0.19509
0.290285
0.382683
0.471397
0.55557
0.634393
0.707107
0.77301
0.83147
0.881921
0.92388
0.95694
0.980785
0.995185
1
0.995185
0.980785
0.95694
0.92388
0.881921
0.83147
0.77301
0.707107
0.634393
0.55557
0.471397
0.382683
0.290285
0.19509
0.0980171
-1.44865e-012
-0.0980171
-0.19509
-0.290285
-0.382683
-0.471397
-0.55557
-0.634393
-0.707107
-0.77301
-0.83147
-0.881921
-0.92388
-0.95694
-0.980785
-0.995185
-1
-0.995185
-0.980785
-0.95694
-0.92388
-0.881921
-0.83147
-0.77301
-0.707107
-0.634393
-0.55557
-0.471397
-0.382683
-0.290285
-0.19509
-0.0980171
3.30917e-012
0.19509

0.382683
0.55557
0.707107
0.83147
0.92388
0.980785
1
0.980785
0.92388
0.83147
0.707107
0.55557
0.382683
0.19509
-3.52576e-012
-0.19509
-0.382683
-0.55557
-0.707107
-0.83147
-0.92388
-0.980785
-1
-0.980785
-0.92388
-0.83147
-0.707107
-0.55557
-0.382683
-0.19509
3.71393e-012
0.19509
0.382683
0.55557
0.707107
0.83147
0.92388
0.980785
1
0.980785
0.92388
0.83147
0.707107
0.55557
0.382683
0.19509
-3.93053e-012
-0.19509
-0.382683
-0.55557
-0.707107
-0.83147
-0.92388
-0.980785
-1
-0.980785
-0.92388
-0.83147
-0.707107
-0.55557
-0.382683
-0.19509
4.1258e-012
0.19509
0.382683
0.55557
0.707107
0.83147
0.92388
0.980785
1
0.980785
0.92388
0.83147
0.707107
0.55557
0.382683
0.19509
-4.3495e-012
-0.19509
-0.382683
-0.55557
-0.707107
-0.83147
-0.92388
-0.980785
-1
-0.980785
-0.92388
-0.83147
-0.707107
-0.55557
-0.382683
-0.19509
4.55188e-012
0.19509
0.382683
0.55557
0.707107
0.83147
0.92388
0.980785
1
0.980785
0.92388
0.83147
0.707107
0.55557
0.382683
0.19509
-4.75427e-012
-0.19509
-0.382683
-0.55557
-0.707107
-0.83147
-0.92388
-0.980785
-1
-0.980785
-0.92388
-0.83147
-0.707107
-0.55557
-0.382683
-0.19509
4.97086e-012
0.19509
0.382683
0.55557
0.707107
0.83147
0.92388
0.980785
1
0.980785
0.92388
0.83147
0.707107
0.55557
0.382683
0.19509
-5.17324e-012
-0.19509
-0.382683
-0.55557
-0.707107
-0.83147
-0.92388
-0.980785
-1
-0.980785
-0.92388
-0.83147
-0.707107
-0.55557
-0.382683
-0.19509
5.37562e-012
0.19509
0.382683
0.55557
0.707107
0.83147
0.92388
0.980785
1
0.980785
0.92388
0.83147
0.707107
0.55557
0.382683
0.19509
-5.57801e-012
-0.19509
-0.382683
-0.55557
-0.707107
-0.83147
-0.92388
-0.980785
-1
-0.980785
-0.92388
-0.83147
-0.707107
-0.55557
-0.382683
-0.19509
5.7946e-012
0.19509
0.382683
0.55557
0.707107
0.83147
0.92388
0.980785
1
0.980785
0.92388
0.83147
0.707107
0.55557
0.382683
0.19509
-5.99698e-012
-0.19509
-0.382683
-0.55557
-0.707107
-0.83147
-0.92388
-0.980785
-1
-0.980785
-0.92388
-0.83147
-0.707107
-0.55557
-0.382683
-0.19509
6.19936e-012
0.19509
0.382683
0.55557
0.707107
0.83147
0.92388
0.980785
1
0.980785
0.92388
0.83147
0.707107
0.55557
0.382683
0.19509
-6.41596e-012
-0.19509
-0.382683
-0.55557
-0.707107
-0.83147
-0.92388
-0.980785
-1
-0.980785
-0.92388
-0.83147
-0.707107
-0.55557
-0.382683
-0.19509
